41946772 3912057848 4 1 32 16777216 1610616832 1627389952 1627389956 0 0 0 0 0 0 0 0 0 26479832 25227264 41946772
41946776 17951 2 1 32 16777216 1610616832 1627389952 1627389956 0 0 0 0 0 0 0 0 0 26479800 25227264 41946776
41946778 26627 2 1 32 16777216 1610616832 1627389952 1627389956 0 0 0 1627389956 0 0 0 0 0 26479800 25227264 41946778
41946780 18064 2 1 32 16777216 1610616832 1627389952 16777472 0 0 0 1627389956 0 0 0 0 0 26479800 25227264 41946780
41946782 17937 2 1 32 16777216 1610616832 1627389952 16777472 0 0 0 1627389956 1627389952 0 0 0 0 26479800 25227264 41946782
41946784 8704 2 1 32 16777216 1627389952 1627389952 16777472 0 0 0 1627389956 1627389952 0 0 0 0 26479800 25227264 41946784
41946786 17924 2 1 1073741856 16777216 1627389952 0 16777472 0 0 0 1627389956 1627389952 0 0 0 0 26479800 25227264 41946786
41946788 4064364806 4 1 1073741856 16777216 1627389952 0 16777472 16777216 0 0 1627389956 1627389952 0 0 0 0 26479800 25227264 41946788
41946792 4174590708 4 1 1073741856 16777216 1627389952 0 16777472 16777216 0 0 1627389956 1627389952 5126 0 0 0 26479800 25227264 41946792
41946796 18328 2 1 1073741856 16777216 1627389952 0 25166580 16777216 0 0 1627389956 1627389952 5126 0 0 0 26479800 25227264 41946796
25166580 4009754813 4 0 1073741824 16777216 1627389952 0 25166580 16777216 0 0 1627389956 1627389952 5126 0 0 0 26479800 41946799 25166580
41946798 26659 2 1 1073741856 16809984 0 0 25166580 16777216 0 0 1627389956 1627389952 5126 0 0 0 26479800 41946799 41946798
41946800 17977 2 1 1073741856 16809984 0 0 16777472 16777216 0 0 1627389956 1627389952 5126 0 0 0 26479800 41946799 41946800
41946802 8704 2 1 1073741856 16809984 1627389956 0 16777472 16777216 0 0 1627389956 1627389952 5126 0 0 0 26479800 41946799 41946802
41946804 4174590708 4 1 1073741856 16809984 1627389956 0 16777472 16777216 0 0 1627389956 1627389952 5126 0 0 0 26479800 41946799 41946804
41946808 17925 2 1 1073741856 16809984 1627389956 0 25166580 16777216 0 0 1627389956 1627389952 5126 0 0 0 26479800 41946799 41946808
41946810 17952 2 1 1073741856 16809984 1627389956 0 25166580 16777216 16809984 0 1627389956 1627389952 5126 0 0 0 26479800 41946799 41946810
41946812 18328 2 1 1073741856 16777216 1627389956 0 25166580 16777216 16809984 0 1627389956 1627389952 5126 0 0 0 26479800 41946799 41946812
25166580 4009754813 4 0 1073741824 16777216 1627389956 0 25166580 16777216 16809984 0 1627389956 1627389952 5126 0 0 0 26479800 41946815 25166580
41946814 17993 2 1 1073741856 16810020 0 0 25166580 16777216 16809984 0 1627389956 1627389952 5126 0 0 0 26479800 41946815 41946814
41946816 17963 2 1 1073741856 16810020 5126 0 25166580 16777216 16809984 0 1627389956 1627389952 5126 0 0 0 26479800 41946815 41946816
41946818 8704 2 1 1073741856 16810020 5126 0 16809984 16777216 16809984 0 1627389956 1627389952 5126 0 0 0 26479800 41946815 41946818
41946820 17926 2 1 1073741856 16810020 5126 0 16809984 16777216 16809984 0 1627389956 1627389952 5126 0 0 0 26479800 41946815 41946820
41946822 8194 2 1 1073741856 16810020 5126 0 16809984 16777216 16809984 16810020 1627389956 1627389952 5126 0 0 0 26479800 41946815 41946822
41946824 4160745246 4 1 32 2 5126 0 16809984 16777216 16809984 16810020 1627389956 1627389952 5126 0 0 0 26479800 41946815 41946824
41946376 3801073152 4 0 0 2 5126 0 16809984 16777216 16809984 16810020 1627389956 1627389952 5126 0 0 0 26479800 41946829 41946376
41946380 3800877570 4 0 0 2 5126 0 16809984 16777216 16809984 16810020 1627389956 1627389952 5126 0 0 41946384 26479800 41946829 41946380
41946384 3854365384 4 0 0 2 5126 0 16809984 16777216 16809984 16810020 1627389956 1627389952 5126 0 0 41954576 26479800 41946829 41946384
25174024 4009756674 4 0 0 2 5126 0 16809984 16777216 16809984 16810020 1627389956 1627389952 5126 0 0 41955288 26479800 41946829 25174024
41946828 17971 2 1 32 0 0 0 16809984 16777216 16809984 16810020 1627389956 1627389952 5126 0 0 41955288 26479800 41946829 41946828
41946830 17993 2 1 32 0 0 0 16810020 16777216 16809984 16810020 1627389956 1627389952 5126 0 0 41955288 26479800 41946829 41946830
41946832 8196 2 1 32 0 5126 0 16810020 16777216 16809984 16810020 1627389956 1627389952 5126 0 0 41955288 26479800 41946829 41946832
41946834 8704 2 1 32 4 5126 0 16810020 16777216 16809984 16810020 1627389956 1627389952 5126 0 0 41955288 26479800 41946829 41946834
41946836 4160745246 4 1 1073741856 4 5126 0 16810020 16777216 16809984 16810020 1627389956 1627389952 5126 0 0 41955288 26479800 41946829 41946836
41946388 3801073152 4 0 1073741824 4 5126 0 16810020 16777216 16809984 16810020 1627389956 1627389952 5126 0 0 41955288 26479800 41946841 41946388
41946392 3800877570 4 0 1073741824 4 5126 0 16810020 16777216 16809984 16810020 1627389956 1627389952 5126 0 0 41946396 26479800 41946841 41946392
41946396 3854365376 4 0 1073741824 4 5126 0 16810020 16777216 16809984 16810020 1627389956 1627389952 5126 0 0 41954588 26479800 41946841 41946396
25174028 4009756675 4 0 1073741824 4 5126 0 16810020 16777216 16809984 16810020 1627389956 1627389952 5126 0 0 41955292 26479800 41946841 25174028
41946840 39432 2 1 1073741856 0 0 0 16810020 16777216 16809984 16810020 1627389956 1627389952 5126 0 0 41955292 26479800 41946841 41946840
41946842 8193 2 1 1073741856 0 0 3 16810020 16777216 16809984 16810020 1627389956 1627389952 5126 0 0 41955292 26479800 41946841 41946842
41946844 8448 2 1 32 1 0 3 16810020 16777216 16809984 16810020 1627389956 1627389952 5126 0 0 41955292 26479800 41946841 41946844
41946846 4160745260 4 1 1073741856 1 0 3 16810020 16777216 16809984 16810020 1627389956 1627389952 5126 0 0 41955292 26479800 41946841 41946846
41946424 3801073152 4 0 1073741824 1 0 3 16810020 16777216 16809984 16810020 1627389956 1627389952 5126 0 0 41955292 26479800 41946851 41946424
41946428 3800877570 4 0 1073741824 1 0 3 16810020 16777216 16809984 16810020 1627389956 1627389952 5126 0 0 41946432 26479800 41946851 41946428
41946432 3854365352 4 0 1073741824 1 0 3 16810020 16777216 16809984 16810020 1627389956 1627389952 5126 0 0 41954624 26479800 41946851 41946432
25174040 4009756678 4 0 1073741824 1 0 3 16810020 16777216 16809984 16810020 1627389956 1627389952 5126 0 0 41955304 26479800 41946851 25174040
41946850 26659 2 1 1073741856 0 0 3 16810020 16777216 16809984 16810020 1627389956 1627389952 5126 0 0 41955304 26479800 41946851 41946850
41946852 17952 2 1 1073741856 0 0 3 16777472 16777216 16809984 16810020 1627389956 1627389952 5126 0 0 41955304 26479800 41946851 41946852
41946854 17977 2 1 1073741856 16777216 0 3 16777472 16777216 16809984 16810020 1627389956 1627389952 5126 0 0 41955304 26479800 41946851 41946854
41946856 17970 2 1 1073741856 16777216 1627389956 3 16777472 16777216 16809984 16810020 1627389956 1627389952 5126 0 0 41955304 26479800 41946851 41946856
41946858 4174627604 4 1 1073741856 16777216 1627389956 16810020 16777472 16777216 16809984 16810020 1627389956 1627389952 5126 0 0 41955304 26479800 41946851 41946858
41946862 8960 2 1 1073741856 16777216 1627389956 16810020 16777472 16777216 16809984 16810020 1627389956 1627389952 5126 0 0 25166612 26479800 41946851 41946862
41946864 18400 2 1 1073741856 16777216 1627389956 16810020 0 16777216 16809984 16810020 1627389956 1627389952 5126 0 0 25166612 26479800 41946851 41946864
25166612 4009754821 4 0 1073741824 16777216 1627389956 16810020 0 16777216 16809984 16810020 1627389956 1627389952 5126 0 0 25166612 26479800 41946867 25166612
41946866 26659 2 1 1073741856 0 0 16810020 0 16777216 16809984 16810020 1627389956 1627389952 5126 0 0 25166612 26479800 41946867 41946866
41946868 17952 2 1 1073741856 0 0 16810020 16777472 16777216 16809984 16810020 1627389956 1627389952 5126 0 0 25166612 26479800 41946867 41946868
41946870 17985 2 1 1073741856 16777216 0 16810020 16777472 16777216 16809984 16810020 1627389956 1627389952 5126 0 0 25166612 26479800 41946867 41946870
41946872 17962 2 1 1073741856 16777216 1627389952 16810020 16777472 16777216 16809984 16810020 1627389956 1627389952 5126 0 0 25166612 26479800 41946867 41946872
41946874 4174603028 4 1 1073741856 16777216 1627389952 16809984 16777472 16777216 16809984 16810020 1627389956 1627389952 5126 0 0 25166612 26479800 41946867 41946874
41946878 8960 2 1 1073741856 16777216 1627389952 16809984 16777472 16777216 16809984 25166612 1627389956 1627389952 5126 0 0 25166612 26479800 41946867 41946878
41946880 18352 2 1 1073741856 16777216 1627389952 16809984 0 16777216 16809984 25166612 1627389956 1627389952 5126 0 0 25166612 26479800 41946867 41946880
25166612 4009754821 4 0 1073741824 16777216 1627389952 16809984 0 16777216 16809984 25166612 1627389956 1627389952 5126 0 0 25166612 26479800 41946883 25166612
41946882 3904734200 4 1 1073741856 0 0 16809984 0 16777216 16809984 25166612 1627389956 1627389952 5126 0 0 25166612 26479800 41946883 41946882
25227264 4009769984 4 0 1073741824 0 0 16809984 1627389956 0 0 0 0 0 0 0 0 25166612 26479832 41946883 25227264
41946564 3912060920 4 1 32 16777216 1610616832 1627389952 1627389956 0 0 0 0 0 0 0 0 25166612 26479832 25227264 41946564
41946568 18074 2 1 32 16777216 1610616832 1627389952 1627389956 0 0 0 0 0 0 0 0 25166612 26479792 25227264 41946568
41946570 26627 2 1 32 16777216 1610616832 1627389952 1627389956 0 0 0 0 0 0 1627389956 0 25166612 26479792 25227264 41946570
41946572 17937 2 1 32 16777216 1610616832 1627389952 16777472 0 0 0 0 0 0 1627389956 0 25166612 26479792 25227264 41946572
41946574 18064 2 1 32 16777216 1627389952 1627389952 16777472 0 0 0 0 0 0 1627389956 0 25166612 26479792 25227264 41946574
41946576 8704 2 1 32 16777216 1627389952 1627389952 16777472 0 0 0 0 1627389952 0 1627389956 0 25166612 26479792 25227264 41946576
41946578 17924 2 1 1073741856 16777216 1627389952 0 16777472 0 0 0 0 1627389952 0 1627389956 0 25166612 26479792 25227264 41946578
41946580 40458 2 1 1073741856 16777216 1627389952 0 16777472 16777216 0 0 0 1627389952 0 1627389956 0 25166612 26479792 25227264 41946580
41946582 4174590708 4 1 1073741856 16777216 1627389952 0 16777472 16777216 0 1627389960 0 1627389952 0 1627389956 0 25166612 26479792 25227264 41946582
41946586 18328 2 1 1073741856 16777216 1627389952 0 25166580 16777216 0 1627389960 0 1627389952 0 1627389956 0 25166612 26479792 25227264 41946586
25166580 4009754813 4 0 1073741824 16777216 1627389952 0 25166580 16777216 0 1627389960 0 1627389952 0 1627389956 0 25166612 26479792 41946589 25166580
41946588 26659 2 1 1073741856 16809984 0 0 25166580 16777216 0 1627389960 0 1627389952 0 1627389956 0 25166612 26479792 41946589 41946588
41946590 18001 2 1 1073741856 16809984 0 0 16777472 16777216 0 1627389960 0 1627389952 0 1627389956 0 25166612 26479792 41946589 41946590
41946592 8704 2 1 1073741856 16809984 1627389956 0 16777472 16777216 0 1627389960 0 1627389952 0 1627389956 0 25166612 26479792 41946589 41946592
41946594 4174590708 4 1 1073741856 16809984 1627389956 0 16777472 16777216 0 1627389960 0 1627389952 0 1627389956 0 25166612 26479792 41946589 41946594
41946598 17927 2 1 1073741856 16809984 1627389956 0 25166580 16777216 0 1627389960 0 1627389952 0 1627389956 0 25166612 26479792 41946589 41946598
41946600 17952 2 1 1073741856 16809984 1627389956 0 25166580 16777216 0 1627389960 16809984 1627389952 0 1627389956 0 25166612 26479792 41946589 41946600
41946602 18328 2 1 1073741856 16777216 1627389956 0 25166580 16777216 0 1627389960 16809984 1627389952 0 1627389956 0 25166612 26479792 41946589 41946602
25166580 4009754813 4 0 1073741824 16777216 1627389956 0 25166580 16777216 0 1627389960 16809984 1627389952 0 1627389956 0 25166612 26479792 41946605 25166580
41946604 18049 2 1 1073741856 16810020 0 0 25166580 16777216 0 1627389960 16809984 1627389952 0 1627389956 0 25166612 26479792 41946605 41946604
41946606 45382 2 1 1073741856 16810020 0 0 25166580 16777216 0 1627389960 16809984 1627389952 16810020 1627389956 0 25166612 26479792 41946605 41946606
41946608 26659 2 1 1073741856 16810020 0 0 25166580 16777216 0 1627389960 16809984 1627389952 16810020 1627389956 0 25166612 26479792 41946605 41946608
41946610 17952 2 1 1073741856 16810020 0 0 16777472 16777216 0 1627389960 16809984 1627389952 16810020 1627389956 0 25166612 26479792 41946605 41946610
41946612 17969 2 1 1073741856 16777216 0 0 16777472 16777216 0 1627389960 16809984 1627389952 16810020 1627389956 0 25166612 26479792 41946605 41946612
41946614 8704 2 1 1073741856 16777216 1627389960 0 16777472 16777216 0 1627389960 16809984 1627389952 16810020 1627389956 0 25166612 26479792 41946605 41946614
41946616 4174590700 4 1 1073741856 16777216 1627389960 0 16777472 16777216 0 1627389960 16809984 1627389952 16810020 1627389956 0 25166612 26479792 41946605 41946616
41946620 18328 2 1 1073741856 16777216 1627389960 0 25166572 16777216 0 1627389960 16809984 1627389952 16810020 1627389956 0 25166612 26479792 41946605 41946620
25166572 4009754811 4 0 1073741824 16777216 1627389960 0 25166572 16777216 0 1627389960 16809984 1627389952 16810020 1627389956 0 25166612 26479792 41946623 25166572
41946622 17925 2 1 1073741856 16810068 0 0 25166572 16777216 0 1627389960 16809984 1627389952 16810020 1627389956 0 25166612 26479792 41946623 41946622
41946624 57344 2 1 1073741856 16810068 0 0 25166572 16777216 16810068 1627389960 16809984 1627389952 16810020 1627389956 0 25166612 26479792 41946623 41946624
41946628 26659 2 1 1073741856 16810068 0 0 25166572 16777216 16810068 1627389960 16809984 1627389952 16810020 1627389956 0 25166612 26479792 41946623 41946628
41946630 8704 2 1 1073741856 16810068 0 0 16777472 16777216 16810068 1627389960 16809984 1627389952 16810020 1627389956 0 25166612 26479792 41946623 41946630
41946632 39179 2 1 1073741856 16810068 0 0 16777472 16777216 16810068 1627389960 16809984 1627389952 16810020 1627389956 0 25166612 26479792 41946623 41946632
41946634 17952 2 1 1073741856 16810068 1627389964 0 16777472 16777216 16810068 1627389960 16809984 1627389952 16810020 1627389956 0 25166612 26479792 41946623 41946634
41946636 4174590696 4 1 1073741856 16777216 1627389964 0 16777472 16777216 16810068 1627389960 16809984 1627389952 16810020 1627389956 0 25166612 26479792 41946623 41946636
41946640 18328 2 1 1073741856 16777216 1627389964 0 25166568 16777216 16810068 1627389960 16809984 1627389952 16810020 1627389956 0 25166612 26479792 41946623 41946640
25166568 4009754810 4 0 1073741824 16777216 1627389964 0 25166568 16777216 16810068 1627389960 16809984 1627389952 16810020 1627389956 0 25166612 26479792 41946643 25166568
41946642 4064362758 4 1 1073741856 16810092 0 0 25166568 16777216 16810068 1627389960 16809984 1627389952 16810020 1627389956 0 25166612 26479792 41946643 41946642
41946646 8704 2 1 1073741856 16810092 5126 0 25166568 16777216 16810068 1627389960 16809984 1627389952 16810020 1627389956 0 25166612 26479792 41946643 41946646
41946648 17979 2 1 1073741856 16810092 5126 0 25166568 16777216 16810068 1627389960 16809984 1627389952 16810020 1627389956 0 25166612 26479792 41946643 41946648
41946650 18051 2 1 1073741856 16810092 5126 0 16809984 16777216 16810068 1627389960 16809984 1627389952 16810020 1627389956 0 25166612 26479792 41946643 41946650
41946652 8195 2 1 1073741856 16810092 5126 0 16809984 16777216 16810068 1627389960 16809984 1627389952 16810020 1627389956 16810092 25166612 26479792 41946643 41946652
41946654 4160745332 4 1 32 3 5126 0 16809984 16777216 16810068 1627389960 16809984 1627389952 16810020 1627389956 16810092 25166612 26479792 41946643 41946654
41946376 3801073152 4 0 0 3 5126 0 16809984 16777216 16810068 1627389960 16809984 1627389952 16810020 1627389956 16810092 25166612 26479792 41946659 41946376
41946380 3800877570 4 0 0 3 5126 0 16809984 16777216 16810068 1627389960 16809984 1627389952 16810020 1627389956 16810092 41946384 26479792 41946659 41946380
41946384 3854365384 4 0 0 3 5126 0 16809984 16777216 16810068 1627389960 16809984 1627389952 16810020 1627389956 16810092 41954576 26479792 41946659 41946384
25174024 4009756674 4 0 0 3 5126 0 16809984 16777216 16810068 1627389960 16809984 1627389952 16810020 1627389956 16810092 41955288 26479792 41946659 25174024
41946658 8196 2 1 32 0 0 0 16809984 16777216 16810068 1627389960 16809984 1627389952 16810020 1627389956 16810092 41955288 26479792 41946659 41946658
41946660 4064362758 4 1 32 4 0 0 16809984 16777216 16810068 1627389960 16809984 1627389952 16810020 1627389956 16810092 41955288 26479792 41946659 41946660
41946664 8704 2 1 32 4 5126 0 16809984 16777216 16810068 1627389960 16809984 1627389952 16810020 1627389956 16810092 41955288 26479792 41946659 41946664
41946666 17995 2 1 1073741856 4 5126 0 16809984 16777216 16810068 1627389960 16809984 1627389952 16810020 1627389956 16810092 41955288 26479792 41946659 41946666
41946668 4160745330 4 1 1073741856 4 5126 0 16810020 16777216 16810068 1627389960 16809984 1627389952 16810020 1627389956 16810092 41955288 26479792 41946659 41946668
41946388 3801073152 4 0 1073741824 4 5126 0 16810020 16777216 16810068 1627389960 16809984 1627389952 16810020 1627389956 16810092 41955288 26479792 41946673 41946388
41946392 3800877570 4 0 1073741824 4 5126 0 16810020 16777216 16810068 1627389960 16809984 1627389952 16810020 1627389956 16810092 41946396 26479792 41946673 41946392
41946396 3854365376 4 0 1073741824 4 5126 0 16810020 16777216 16810068 1627389960 16809984 1627389952 16810020 1627389956 16810092 41954588 26479792 41946673 41946396
25174028 4009756675 4 0 1073741824 4 5126 0 16810020 16777216 16810068 1627389960 16809984 1627389952 16810020 1627389956 16810092 41955292 26479792 41946673 25174028
41946672 45365 2 1 1073741856 0 0 0 16810020 16777216 16810068 1627389960 16809984 1627389952 16810020 1627389956 16810092 41955292 26479792 41946673 41946672
41946674 8194 2 1 1073741856 0 0 0 16810020 16777216 16810068 1627389960 16809984 1627389952 16810020 1627389956 16810092 41955292 26479792 41946673 41946674
41946676 4064362764 4 1 32 2 0 0 16810020 16777216 16810068 1627389960 16809984 1627389952 16810020 1627389956 16810092 41955292 26479792 41946673 41946676
41946680 8704 2 1 32 2 5132 0 16810020 16777216 16810068 1627389960 16809984 1627389952 16810020 1627389956 16810092 41955292 26479792 41946673 41946680
41946682 17963 2 1 1073741856 2 5132 0 16810020 16777216 16810068 1627389960 16809984 1627389952 16810020 1627389956 16810092 41955292 26479792 41946673 41946682
41946684 4160745328 4 1 1073741856 2 5132 0 16810068 16777216 16810068 1627389960 16809984 1627389952 16810020 1627389956 16810092 41955292 26479792 41946673 41946684
41946400 3801073152 4 0 1073741824 2 5132 0 16810068 16777216 16810068 1627389960 16809984 1627389952 16810020 1627389956 16810092 41955292 26479792 41946689 41946400
41946404 3800877570 4 0 1073741824 2 5132 0 16810068 16777216 16810068 1627389960 16809984 1627389952 16810020 1627389956 16810092 41946408 26479792 41946689 41946404
41946408 3854365368 4 0 1073741824 2 5132 0 16810068 16777216 16810068 1627389960 16809984 1627389952 16810020 1627389956 16810092 41954600 26479792 41946689 41946408
25174032 4009756676 4 0 1073741824 2 5132 0 16810068 16777216 16810068 1627389960 16809984 1627389952 16810020 1627389956 16810092 41955296 26479792 41946689 25174032
41946688 8196 2 1 1073741856 0 0 0 16810068 16777216 16810068 1627389960 16809984 1627389952 16810020 1627389956 16810092 41955296 26479792 41946689 41946688
41946690 39180 2 1 32 4 0 0 16810068 16777216 16810068 1627389960 16809984 1627389952 16810020 1627389956 16810092 41955296 26479792 41946689 41946690
41946692 4064363011 4 1 32 4 3 0 16810068 16777216 16810068 1627389960 16809984 1627389952 16810020 1627389956 16810092 41955296 26479792 41946689 41946692
41946696 18011 2 1 32 4 3 5123 16810068 16777216 16810068 1627389960 16809984 1627389952 16810020 1627389956 16810092 41955296 26479792 41946689 41946696
41946698 4160745328 4 1 32 4 3 5123 16810092 16777216 16810068 1627389960 16809984 1627389952 16810020 1627389956 16810092 41955296 26479792 41946689 41946698
41946412 3801073152 4 0 0 4 3 5123 16810092 16777216 16810068 1627389960 16809984 1627389952 16810020 1627389956 16810092 41955296 26479792 41946703 41946412
41946416 3800877570 4 0 0 4 3 5123 16810092 16777216 16810068 1627389960 16809984 1627389952 16810020 1627389956 16810092 41946420 26479792 41946703 41946416
41946420 3854365360 4 0 0 4 3 5123 16810092 16777216 16810068 1627389960 16809984 1627389952 16810020 1627389956 16810092 41954612 26479792 41946703 41946420
25174036 4009756677 4 0 0 4 3 5123 16810092 16777216 16810068 1627389960 16809984 1627389952 16810020 1627389956 16810092 41955300 26479792 41946703 25174036
41946702 26659 2 1 32 0 0 5123 16810092 16777216 16810068 1627389960 16809984 1627389952 16810020 1627389956 16810092 41955300 26479792 41946703 41946702
41946704 17952 2 1 32 0 0 5123 16777472 16777216 16810068 1627389960 16809984 1627389952 16810020 1627389956 16810092 41955300 26479792 41946703 41946704
41946706 39179 2 1 32 16777216 0 5123 16777472 16777216 16810068 1627389960 16809984 1627389952 16810020 1627389956 16810092 41955300 26479792 41946703 41946706
41946708 18010 2 1 32 16777216 1627389964 5123 16777472 16777216 16810068 1627389960 16809984 1627389952 16810020 1627389956 16810092 41955300 26479792 41946703 41946708
41946710 4174627592 4 1 32 16777216 1627389964 16810092 16777472 16777216 16810068 1627389960 16809984 1627389952 16810020 1627389956 16810092 41955300 26479792 41946703 41946710
41946714 8960 2 1 32 16777216 1627389964 16810092 16777472 16777216 16810068 1627389960 16809984 1627389952 16810020 1627389956 16810092 25166600 26479792 41946703 41946714
41946716 18400 2 1 1073741856 16777216 1627389964 16810092 0 16777216 16810068 1627389960 16809984 1627389952 16810020 1627389956 16810092 25166600 26479792 41946703 41946716
25166600 4009754818 4 0 1073741824 16777216 1627389964 16810092 0 16777216 16810068 1627389960 16809984 1627389952 16810020 1627389956 16810092 25166600 26479792 41946719 25166600
41946718 45373 2 1 1073741856 0 0 16810092 0 16777216 16810068 1627389960 16809984 1627389952 16810020 1627389956 16810092 25166600 26479792 41946719 41946718
41946720 26659 2 1 1073741856 0 0 16810092 0 16777216 16810068 1627389960 16809984 1627389952 16810020 1627389956 16810092 25166600 26479792 41946719 41946720
41946722 17952 2 1 1073741856 0 0 16810092 16777472 16777216 16810068 1627389960 16809984 1627389952 16810020 1627389956 16810092 25166600 26479792 41946719 41946722
41946724 17969 2 1 1073741856 16777216 0 16810092 16777472 16777216 16810068 1627389960 16809984 1627389952 16810020 1627389956 16810092 25166600 26479792 41946719 41946724
41946726 17962 2 1 1073741856 16777216 1627389960 16810092 16777472 16777216 16810068 1627389960 16809984 1627389952 16810020 1627389956 16810092 25166600 26479792 41946719 41946726
41946728 4174627596 4 1 1073741856 16777216 1627389960 16810068 16777472 16777216 16810068 1627389960 16809984 1627389952 16810020 1627389956 16810092 25166600 26479792 41946719 41946728
41946732 8960 2 1 1073741856 16777216 1627389960 16810068 16777472 16777216 16810068 1627389960 16809984 1627389952 16810020 1627389956 16810092 25166604 26479792 41946719 41946732
41946734 18400 2 1 1073741856 16777216 1627389960 16810068 0 16777216 16810068 1627389960 16809984 1627389952 16810020 1627389956 16810092 25166604 26479792 41946719 41946734
25166604 4009754819 4 0 1073741824 16777216 1627389960 16810068 0 16777216 16810068 1627389960 16809984 1627389952 16810020 1627389956 16810092 25166604 26479792 41946737 25166604
41946736 26659 2 1 1073741856 0 0 16810068 0 16777216 16810068 1627389960 16809984 1627389952 16810020 1627389956 16810092 25166604 26479792 41946737 41946736
41946738 17952 2 1 1073741856 0 0 16810068 16777472 16777216 16810068 1627389960 16809984 1627389952 16810020 1627389956 16810092 25166604 26479792 41946737 41946738
41946740 18001 2 1 1073741856 16777216 0 16810068 16777472 16777216 16810068 1627389960 16809984 1627389952 16810020 1627389956 16810092 25166604 26479792 41946737 41946740
41946742 17994 2 1 1073741856 16777216 1627389956 16810068 16777472 16777216 16810068 1627389960 16809984 1627389952 16810020 1627389956 16810092 25166604 26479792 41946737 41946742
41946744 4174598932 4 1 1073741856 16777216 1627389956 16810020 16777472 16777216 16810068 1627389960 16809984 1627389952 16810020 1627389956 16810092 25166604 26479792 41946737 41946744
41946748 8960 2 1 1073741856 16777216 1627389956 16810020 16777472 16777216 25166612 1627389960 16809984 1627389952 16810020 1627389956 16810092 25166604 26479792 41946737 41946748
41946750 18344 2 1 1073741856 16777216 1627389956 16810020 0 16777216 25166612 1627389960 16809984 1627389952 16810020 1627389956 16810092 25166604 26479792 41946737 41946750
25166612 4009754821 4 0 1073741824 16777216 1627389956 16810020 0 16777216 25166612 1627389960 16809984 1627389952 16810020 1627389956 16810092 25166604 26479792 41946753 25166612
41946752 26659 2 1 1073741856 0 0 16810020 0 16777216 25166612 1627389960 16809984 1627389952 16810020 1627389956 16810092 25166604 26479792 41946753 41946752
41946754 17952 2 1 1073741856 0 0 16810020 16777472 16777216 25166612 1627389960 16809984 1627389952 16810020 1627389956 16810092 25166604 26479792 41946753 41946754
41946756 17985 2 1 1073741856 16777216 0 16810020 16777472 16777216 25166612 1627389960 16809984 1627389952 16810020 1627389956 16810092 25166604 26479792 41946753 41946756
41946758 17978 2 1 1073741856 16777216 1627389952 16810020 16777472 16777216 25166612 1627389960 16809984 1627389952 16810020 1627389956 16810092 25166604 26479792 41946753 41946758
41946760 4174598932 4 1 1073741856 16777216 1627389952 16809984 16777472 16777216 25166612 1627389960 16809984 1627389952 16810020 1627389956 16810092 25166604 26479792 41946753 41946760
41946764 8960 2 1 1073741856 16777216 1627389952 16809984 16777472 16777216 25166612 1627389960 16809984 1627389952 16810020 1627389956 16810092 25166604 26479792 41946753 41946764
41946766 18344 2 1 1073741856 16777216 1627389952 16809984 0 16777216 25166612 1627389960 16809984 1627389952 16810020 1627389956 16810092 25166604 26479792 41946753 41946766
25166612 4009754821 4 0 1073741824 16777216 1627389952 16809984 0 16777216 25166612 1627389960 16809984 1627389952 16810020 1627389956 16810092 25166604 26479792 41946769 25166612
41946768 3904737272 4 1 1073741856 0 0 16809984 0 16777216 25166612 1627389960 16809984 1627389952 16810020 1627389956 16810092 25166604 26479792 41946769 41946768
25227264 4009769984 4 0 1073741824 0 0 16809984 1627389956 0 0 0 0 0 0 0 0 25166604 26479832 41946769 25227264
