41946772 32 16777216 1610616832 1627389952 1627389956 0 0 0 0 0 0 0 0 0 26479832 25227264 41946772
41946776 32 16777216 1610616832 1627389952 1627389956 0 0 0 0 0 0 0 0 0 26479800 25227264 41946776
41946798 1073741856 16809984 0 0 25166580 16777216 0 0 1627389956 1627389952 5126 0 0 0 26479800 41946799 41946798
41946814 1073741856 16810020 0 0 25166580 16777216 16809984 0 1627389956 1627389952 5126 0 0 0 26479800 41946815 41946814
41946376 0 2 5126 0 16809984 16777216 16809984 16810020 1627389956 1627389952 5126 0 0 0 26479800 41946829 41946376
41946828 32 0 0 0 16809984 16777216 16809984 16810020 1627389956 1627389952 5126 0 0 41955288 26479800 41946829 41946828
41946388 1073741824 4 5126 0 16810020 16777216 16809984 16810020 1627389956 1627389952 5126 0 0 41955288 26479800 41946841 41946388
41946840 1073741856 0 0 0 16810020 16777216 16809984 16810020 1627389956 1627389952 5126 0 0 41955292 26479800 41946841 41946840
41946424 1073741824 1 0 3 16810020 16777216 16809984 16810020 1627389956 1627389952 5126 0 0 41955292 26479800 41946851 41946424
41946850 1073741856 0 0 3 16810020 16777216 16809984 16810020 1627389956 1627389952 5126 0 0 41955304 26479800 41946851 41946850
41946866 1073741856 0 0 16810020 0 16777216 16809984 16810020 1627389956 1627389952 5126 0 0 25166612 26479800 41946867 41946866
41946882 1073741856 0 0 16809984 0 16777216 16809984 25166612 1627389956 1627389952 5126 0 0 25166612 26479800 41946883 41946882
41946564 32 16777216 1610616832 1627389952 1627389956 0 0 0 0 0 0 0 0 25166612 26479832 25227264 41946564
41946568 32 16777216 1610616832 1627389952 1627389956 0 0 0 0 0 0 0 0 25166612 26479792 25227264 41946568
41946588 1073741856 16809984 0 0 25166580 16777216 0 1627389960 0 1627389952 0 1627389956 0 25166612 26479792 41946589 41946588
41946604 1073741856 16810020 0 0 25166580 16777216 0 1627389960 16809984 1627389952 0 1627389956 0 25166612 26479792 41946605 41946604
41946608 1073741856 16810020 0 0 25166580 16777216 0 1627389960 16809984 1627389952 16810020 1627389956 0 25166612 26479792 41946605 41946608
41946622 1073741856 16810068 0 0 25166572 16777216 0 1627389960 16809984 1627389952 16810020 1627389956 0 25166612 26479792 41946623 41946622
41946628 1073741856 16810068 0 0 25166572 16777216 16810068 1627389960 16809984 1627389952 16810020 1627389956 0 25166612 26479792 41946623 41946628
41946642 1073741856 16810092 0 0 25166568 16777216 16810068 1627389960 16809984 1627389952 16810020 1627389956 0 25166612 26479792 41946643 41946642
41946376 0 3 5126 0 16809984 16777216 16810068 1627389960 16809984 1627389952 16810020 1627389956 16810092 25166612 26479792 41946659 41946376
41946658 32 0 0 0 16809984 16777216 16810068 1627389960 16809984 1627389952 16810020 1627389956 16810092 41955288 26479792 41946659 41946658
41946388 1073741824 4 5126 0 16810020 16777216 16810068 1627389960 16809984 1627389952 16810020 1627389956 16810092 41955288 26479792 41946673 41946388
41946672 1073741856 0 0 0 16810020 16777216 16810068 1627389960 16809984 1627389952 16810020 1627389956 16810092 41955292 26479792 41946673 41946672
41946674 1073741856 0 0 0 16810020 16777216 16810068 1627389960 16809984 1627389952 16810020 1627389956 16810092 41955292 26479792 41946673 41946674
41946400 1073741824 2 5132 0 16810068 16777216 16810068 1627389960 16809984 1627389952 16810020 1627389956 16810092 41955292 26479792 41946689 41946400
41946688 1073741856 0 0 0 16810068 16777216 16810068 1627389960 16809984 1627389952 16810020 1627389956 16810092 41955296 26479792 41946689 41946688
41946412 0 4 3 5123 16810092 16777216 16810068 1627389960 16809984 1627389952 16810020 1627389956 16810092 41955296 26479792 41946703 41946412
41946702 32 0 0 5123 16810092 16777216 16810068 1627389960 16809984 1627389952 16810020 1627389956 16810092 41955300 26479792 41946703 41946702
41946718 1073741856 0 0 16810092 0 16777216 16810068 1627389960 16809984 1627389952 16810020 1627389956 16810092 25166600 26479792 41946719 41946718
41946720 1073741856 0 0 16810092 0 16777216 16810068 1627389960 16809984 1627389952 16810020 1627389956 16810092 25166600 26479792 41946719 41946720
41946736 1073741856 0 0 16810068 0 16777216 16810068 1627389960 16809984 1627389952 16810020 1627389956 16810092 25166604 26479792 41946737 41946736
41946752 1073741856 0 0 16810020 0 16777216 25166612 1627389960 16809984 1627389952 16810020 1627389956 16810092 25166604 26479792 41946753 41946752
41946768 1073741856 0 0 16809984 0 16777216 25166612 1627389960 16809984 1627389952 16810020 1627389956 16810092 25166604 26479792 41946769 41946768
