69268 3912057848 4 1 32 16777216 1610616832 1627389952 1627389956 0 0 0 0 0 0 0 0 0 26479832 25227264 69268
69272 17951 2 1 32 16777216 1610616832 1627389952 1627389956 0 0 0 0 0 0 0 0 0 26479800 25227264 69272
69274 26627 2 1 32 16777216 1610616832 1627389952 1627389956 0 0 0 1627389956 0 0 0 0 0 26479800 25227264 69274
69276 18064 2 1 32 16777216 1610616832 1627389952 16777472 0 0 0 1627389956 0 0 0 0 0 26479800 25227264 69276
69278 17937 2 1 32 16777216 1610616832 1627389952 16777472 0 0 0 1627389956 1627389952 0 0 0 0 26479800 25227264 69278
69280 8704 2 1 32 16777216 1627389952 1627389952 16777472 0 0 0 1627389956 1627389952 0 0 0 0 26479800 25227264 69280
69282 17924 2 1 1073741856 16777216 1627389952 0 16777472 0 0 0 1627389956 1627389952 0 0 0 0 26479800 25227264 69282
69284 4064364806 4 1 1073741856 16777216 1627389952 0 16777472 16777216 0 0 1627389956 1627389952 0 0 0 0 26479800 25227264 69284
69288 4174590708 4 1 1073741856 16777216 1627389952 0 16777472 16777216 0 0 1627389956 1627389952 5126 0 0 0 26479800 25227264 69288
69292 18328 2 1 1073741856 16777216 1627389952 0 25166580 16777216 0 0 1627389956 1627389952 5126 0 0 0 26479800 25227264 69292
25166580 4009754813 4 0 1073741824 16777216 1627389952 0 25166580 16777216 0 0 1627389956 1627389952 5126 0 0 0 26479800 69295 25166580
69294 26659 2 1 1073741856 16809984 0 0 25166580 16777216 0 0 1627389956 1627389952 5126 0 0 0 26479800 69295 69294
69296 17977 2 1 1073741856 16809984 0 0 16777472 16777216 0 0 1627389956 1627389952 5126 0 0 0 26479800 69295 69296
69298 8704 2 1 1073741856 16809984 1627389956 0 16777472 16777216 0 0 1627389956 1627389952 5126 0 0 0 26479800 69295 69298
69300 4174590708 4 1 1073741856 16809984 1627389956 0 16777472 16777216 0 0 1627389956 1627389952 5126 0 0 0 26479800 69295 69300
69304 17925 2 1 1073741856 16809984 1627389956 0 25166580 16777216 0 0 1627389956 1627389952 5126 0 0 0 26479800 69295 69304
69306 17952 2 1 1073741856 16809984 1627389956 0 25166580 16777216 16809984 0 1627389956 1627389952 5126 0 0 0 26479800 69295 69306
69308 18328 2 1 1073741856 16777216 1627389956 0 25166580 16777216 16809984 0 1627389956 1627389952 5126 0 0 0 26479800 69295 69308
25166580 4009754813 4 0 1073741824 16777216 1627389956 0 25166580 16777216 16809984 0 1627389956 1627389952 5126 0 0 0 26479800 69311 25166580
69310 17993 2 1 1073741856 16810020 0 0 25166580 16777216 16809984 0 1627389956 1627389952 5126 0 0 0 26479800 69311 69310
69312 17963 2 1 1073741856 16810020 5126 0 25166580 16777216 16809984 0 1627389956 1627389952 5126 0 0 0 26479800 69311 69312
69314 8704 2 1 1073741856 16810020 5126 0 16809984 16777216 16809984 0 1627389956 1627389952 5126 0 0 0 26479800 69311 69314
69316 17926 2 1 1073741856 16810020 5126 0 16809984 16777216 16809984 0 1627389956 1627389952 5126 0 0 0 26479800 69311 69316
69318 8194 2 1 1073741856 16810020 5126 0 16809984 16777216 16809984 16810020 1627389956 1627389952 5126 0 0 0 26479800 69311 69318
69320 4160745246 4 1 32 2 5126 0 16809984 16777216 16809984 16810020 1627389956 1627389952 5126 0 0 0 26479800 69311 69320
68872 3801073152 4 0 0 2 5126 0 16809984 16777216 16809984 16810020 1627389956 1627389952 5126 0 0 0 26479800 69325 68872
68876 3800877570 4 0 0 2 5126 0 16809984 16777216 16809984 16810020 1627389956 1627389952 5126 0 0 68880 26479800 69325 68876
68880 3854365384 4 0 0 2 5126 0 16809984 16777216 16809984 16810020 1627389956 1627389952 5126 0 0 77072 26479800 69325 68880
25174024 4009756674 4 0 0 2 5126 0 16809984 16777216 16809984 16810020 1627389956 1627389952 5126 0 0 77784 26479800 69325 25174024
69324 17971 2 1 32 0 0 0 16809984 16777216 16809984 16810020 1627389956 1627389952 5126 0 0 77784 26479800 69325 69324
69326 17993 2 1 32 0 0 0 16810020 16777216 16809984 16810020 1627389956 1627389952 5126 0 0 77784 26479800 69325 69326
69328 8196 2 1 32 0 5126 0 16810020 16777216 16809984 16810020 1627389956 1627389952 5126 0 0 77784 26479800 69325 69328
69330 8704 2 1 32 4 5126 0 16810020 16777216 16809984 16810020 1627389956 1627389952 5126 0 0 77784 26479800 69325 69330
69332 4160745246 4 1 1073741856 4 5126 0 16810020 16777216 16809984 16810020 1627389956 1627389952 5126 0 0 77784 26479800 69325 69332
68884 3801073152 4 0 1073741824 4 5126 0 16810020 16777216 16809984 16810020 1627389956 1627389952 5126 0 0 77784 26479800 69337 68884
68888 3800877570 4 0 1073741824 4 5126 0 16810020 16777216 16809984 16810020 1627389956 1627389952 5126 0 0 68892 26479800 69337 68888
68892 3854365376 4 0 1073741824 4 5126 0 16810020 16777216 16809984 16810020 1627389956 1627389952 5126 0 0 77084 26479800 69337 68892
25174028 4009756675 4 0 1073741824 4 5126 0 16810020 16777216 16809984 16810020 1627389956 1627389952 5126 0 0 77788 26479800 69337 25174028
69336 39432 2 1 1073741856 0 0 0 16810020 16777216 16809984 16810020 1627389956 1627389952 5126 0 0 77788 26479800 69337 69336
69338 8193 2 1 1073741856 0 0 3 16810020 16777216 16809984 16810020 1627389956 1627389952 5126 0 0 77788 26479800 69337 69338
69340 8448 2 1 32 1 0 3 16810020 16777216 16809984 16810020 1627389956 1627389952 5126 0 0 77788 26479800 69337 69340
69342 4160745260 4 1 1073741856 1 0 3 16810020 16777216 16809984 16810020 1627389956 1627389952 5126 0 0 77788 26479800 69337 69342
68920 3801073152 4 0 1073741824 1 0 3 16810020 16777216 16809984 16810020 1627389956 1627389952 5126 0 0 77788 26479800 69347 68920
68924 3800877570 4 0 1073741824 1 0 3 16810020 16777216 16809984 16810020 1627389956 1627389952 5126 0 0 68928 26479800 69347 68924
68928 3854365352 4 0 1073741824 1 0 3 16810020 16777216 16809984 16810020 1627389956 1627389952 5126 0 0 77120 26479800 69347 68928
25174040 4009756678 4 0 1073741824 1 0 3 16810020 16777216 16809984 16810020 1627389956 1627389952 5126 0 0 77800 26479800 69347 25174040
69346 26659 2 1 1073741856 0 0 3 16810020 16777216 16809984 16810020 1627389956 1627389952 5126 0 0 77800 26479800 69347 69346
69348 17952 2 1 1073741856 0 0 3 16777472 16777216 16809984 16810020 1627389956 1627389952 5126 0 0 77800 26479800 69347 69348
69350 17977 2 1 1073741856 16777216 0 3 16777472 16777216 16809984 16810020 1627389956 1627389952 5126 0 0 77800 26479800 69347 69350
69352 17970 2 1 1073741856 16777216 1627389956 3 16777472 16777216 16809984 16810020 1627389956 1627389952 5126 0 0 77800 26479800 69347 69352
69354 4174627604 4 1 1073741856 16777216 1627389956 16810020 16777472 16777216 16809984 16810020 1627389956 1627389952 5126 0 0 77800 26479800 69347 69354
69358 8960 2 1 1073741856 16777216 1627389956 16810020 16777472 16777216 16809984 16810020 1627389956 1627389952 5126 0 0 25166612 26479800 69347 69358
69360 18400 2 1 1073741856 16777216 1627389956 16810020 0 16777216 16809984 16810020 1627389956 1627389952 5126 0 0 25166612 26479800 69347 69360
25166612 4009754821 4 0 1073741824 16777216 1627389956 16810020 0 16777216 16809984 16810020 1627389956 1627389952 5126 0 0 25166612 26479800 69363 25166612
69362 26659 2 1 1073741856 0 0 16810020 0 16777216 16809984 16810020 1627389956 1627389952 5126 0 0 25166612 26479800 69363 69362
69364 17952 2 1 1073741856 0 0 16810020 16777472 16777216 16809984 16810020 1627389956 1627389952 5126 0 0 25166612 26479800 69363 69364
69366 17985 2 1 1073741856 16777216 0 16810020 16777472 16777216 16809984 16810020 1627389956 1627389952 5126 0 0 25166612 26479800 69363 69366
69368 17962 2 1 1073741856 16777216 1627389952 16810020 16777472 16777216 16809984 16810020 1627389956 1627389952 5126 0 0 25166612 26479800 69363 69368
69370 4174603028 4 1 1073741856 16777216 1627389952 16809984 16777472 16777216 16809984 16810020 1627389956 1627389952 5126 0 0 25166612 26479800 69363 69370
69374 8960 2 1 1073741856 16777216 1627389952 16809984 16777472 16777216 16809984 25166612 1627389956 1627389952 5126 0 0 25166612 26479800 69363 69374
69376 18352 2 1 1073741856 16777216 1627389952 16809984 0 16777216 16809984 25166612 1627389956 1627389952 5126 0 0 25166612 26479800 69363 69376
25166612 4009754821 4 0 1073741824 16777216 1627389952 16809984 0 16777216 16809984 25166612 1627389956 1627389952 5126 0 0 25166612 26479800 69379 25166612
69378 3904734200 4 1 1073741856 0 0 16809984 0 16777216 16809984 25166612 1627389956 1627389952 5126 0 0 25166612 26479800 69379 69378
25227264 4009769984 4 0 1073741824 0 0 16809984 1627389956 0 0 0 0 0 0 0 0 25166612 26479832 69379 25227264
69060 3912060920 4 1 32 16777216 1610616832 1627389952 1627389956 0 0 0 0 0 0 0 0 25166612 26479832 25227264 69060
69064 18074 2 1 32 16777216 1610616832 1627389952 1627389956 0 0 0 0 0 0 0 0 25166612 26479792 25227264 69064
69066 26627 2 1 32 16777216 1610616832 1627389952 1627389956 0 0 0 0 0 0 1627389956 0 25166612 26479792 25227264 69066
69068 17937 2 1 32 16777216 1610616832 1627389952 16777472 0 0 0 0 0 0 1627389956 0 25166612 26479792 25227264 69068
69070 18064 2 1 32 16777216 1627389952 1627389952 16777472 0 0 0 0 0 0 1627389956 0 25166612 26479792 25227264 69070
69072 8704 2 1 32 16777216 1627389952 1627389952 16777472 0 0 0 0 1627389952 0 1627389956 0 25166612 26479792 25227264 69072
69074 17924 2 1 1073741856 16777216 1627389952 0 16777472 0 0 0 0 1627389952 0 1627389956 0 25166612 26479792 25227264 69074
69076 40458 2 1 1073741856 16777216 1627389952 0 16777472 16777216 0 0 0 1627389952 0 1627389956 0 25166612 26479792 25227264 69076
69078 4174590708 4 1 1073741856 16777216 1627389952 0 16777472 16777216 0 1627389960 0 1627389952 0 1627389956 0 25166612 26479792 25227264 69078
69082 18328 2 1 1073741856 16777216 1627389952 0 25166580 16777216 0 1627389960 0 1627389952 0 1627389956 0 25166612 26479792 25227264 69082
25166580 4009754813 4 0 1073741824 16777216 1627389952 0 25166580 16777216 0 1627389960 0 1627389952 0 1627389956 0 25166612 26479792 69085 25166580
69084 26659 2 1 1073741856 16809984 0 0 25166580 16777216 0 1627389960 0 1627389952 0 1627389956 0 25166612 26479792 69085 69084
69086 18001 2 1 1073741856 16809984 0 0 16777472 16777216 0 1627389960 0 1627389952 0 1627389956 0 25166612 26479792 69085 69086
69088 8704 2 1 1073741856 16809984 1627389956 0 16777472 16777216 0 1627389960 0 1627389952 0 1627389956 0 25166612 26479792 69085 69088
69090 4174590708 4 1 1073741856 16809984 1627389956 0 16777472 16777216 0 1627389960 0 1627389952 0 1627389956 0 25166612 26479792 69085 69090
69094 17927 2 1 1073741856 16809984 1627389956 0 25166580 16777216 0 1627389960 0 1627389952 0 1627389956 0 25166612 26479792 69085 69094
69096 17952 2 1 1073741856 16809984 1627389956 0 25166580 16777216 0 1627389960 16809984 1627389952 0 1627389956 0 25166612 26479792 69085 69096
69098 18328 2 1 1073741856 16777216 1627389956 0 25166580 16777216 0 1627389960 16809984 1627389952 0 1627389956 0 25166612 26479792 69085 69098
25166580 4009754813 4 0 1073741824 16777216 1627389956 0 25166580 16777216 0 1627389960 16809984 1627389952 0 1627389956 0 25166612 26479792 69101 25166580
69100 18049 2 1 1073741856 16810020 0 0 25166580 16777216 0 1627389960 16809984 1627389952 0 1627389956 0 25166612 26479792 69101 69100
69102 45382 2 1 1073741856 16810020 0 0 25166580 16777216 0 1627389960 16809984 1627389952 16810020 1627389956 0 25166612 26479792 69101 69102
69104 26659 2 1 1073741856 16810020 0 0 25166580 16777216 0 1627389960 16809984 1627389952 16810020 1627389956 0 25166612 26479792 69101 69104
69106 17952 2 1 1073741856 16810020 0 0 16777472 16777216 0 1627389960 16809984 1627389952 16810020 1627389956 0 25166612 26479792 69101 69106
69108 17969 2 1 1073741856 16777216 0 0 16777472 16777216 0 1627389960 16809984 1627389952 16810020 1627389956 0 25166612 26479792 69101 69108
69110 8704 2 1 1073741856 16777216 1627389960 0 16777472 16777216 0 1627389960 16809984 1627389952 16810020 1627389956 0 25166612 26479792 69101 69110
69112 4174590700 4 1 1073741856 16777216 1627389960 0 16777472 16777216 0 1627389960 16809984 1627389952 16810020 1627389956 0 25166612 26479792 69101 69112
69116 18328 2 1 1073741856 16777216 1627389960 0 25166572 16777216 0 1627389960 16809984 1627389952 16810020 1627389956 0 25166612 26479792 69101 69116
25166572 4009754811 4 0 1073741824 16777216 1627389960 0 25166572 16777216 0 1627389960 16809984 1627389952 16810020 1627389956 0 25166612 26479792 69119 25166572
69118 17925 2 1 1073741856 16810068 0 0 25166572 16777216 0 1627389960 16809984 1627389952 16810020 1627389956 0 25166612 26479792 69119 69118
69120 57344 2 1 1073741856 16810068 0 0 25166572 16777216 16810068 1627389960 16809984 1627389952 16810020 1627389956 0 25166612 26479792 69119 69120
69124 26659 2 1 1073741856 16810068 0 0 25166572 16777216 16810068 1627389960 16809984 1627389952 16810020 1627389956 0 25166612 26479792 69119 69124
69126 8704 2 1 1073741856 16810068 0 0 16777472 16777216 16810068 1627389960 16809984 1627389952 16810020 1627389956 0 25166612 26479792 69119 69126
69128 39179 2 1 1073741856 16810068 0 0 16777472 16777216 16810068 1627389960 16809984 1627389952 16810020 1627389956 0 25166612 26479792 69119 69128
69130 17952 2 1 1073741856 16810068 1627389964 0 16777472 16777216 16810068 1627389960 16809984 1627389952 16810020 1627389956 0 25166612 26479792 69119 69130
69132 4174590696 4 1 1073741856 16777216 1627389964 0 16777472 16777216 16810068 1627389960 16809984 1627389952 16810020 1627389956 0 25166612 26479792 69119 69132
69136 18328 2 1 1073741856 16777216 1627389964 0 25166568 16777216 16810068 1627389960 16809984 1627389952 16810020 1627389956 0 25166612 26479792 69119 69136
25166568 4009754810 4 0 1073741824 16777216 1627389964 0 25166568 16777216 16810068 1627389960 16809984 1627389952 16810020 1627389956 0 25166612 26479792 69139 25166568
69138 4064362758 4 1 1073741856 16810092 0 0 25166568 16777216 16810068 1627389960 16809984 1627389952 16810020 1627389956 0 25166612 26479792 69139 69138
69142 8704 2 1 1073741856 16810092 5126 0 25166568 16777216 16810068 1627389960 16809984 1627389952 16810020 1627389956 0 25166612 26479792 69139 69142
69144 17979 2 1 1073741856 16810092 5126 0 25166568 16777216 16810068 1627389960 16809984 1627389952 16810020 1627389956 0 25166612 26479792 69139 69144
69146 18051 2 1 1073741856 16810092 5126 0 16809984 16777216 16810068 1627389960 16809984 1627389952 16810020 1627389956 0 25166612 26479792 69139 69146
69148 8195 2 1 1073741856 16810092 5126 0 16809984 16777216 16810068 1627389960 16809984 1627389952 16810020 1627389956 16810092 25166612 26479792 69139 69148
69150 4160745332 4 1 32 3 5126 0 16809984 16777216 16810068 1627389960 16809984 1627389952 16810020 1627389956 16810092 25166612 26479792 69139 69150
68872 3801073152 4 0 0 3 5126 0 16809984 16777216 16810068 1627389960 16809984 1627389952 16810020 1627389956 16810092 25166612 26479792 69155 68872
68876 3800877570 4 0 0 3 5126 0 16809984 16777216 16810068 1627389960 16809984 1627389952 16810020 1627389956 16810092 68880 26479792 69155 68876
68880 3854365384 4 0 0 3 5126 0 16809984 16777216 16810068 1627389960 16809984 1627389952 16810020 1627389956 16810092 77072 26479792 69155 68880
25174024 4009756674 4 0 0 3 5126 0 16809984 16777216 16810068 1627389960 16809984 1627389952 16810020 1627389956 16810092 77784 26479792 69155 25174024
69154 8196 2 1 32 0 0 0 16809984 16777216 16810068 1627389960 16809984 1627389952 16810020 1627389956 16810092 77784 26479792 69155 69154
69156 4064362758 4 1 32 4 0 0 16809984 16777216 16810068 1627389960 16809984 1627389952 16810020 1627389956 16810092 77784 26479792 69155 69156
69160 8704 2 1 32 4 5126 0 16809984 16777216 16810068 1627389960 16809984 1627389952 16810020 1627389956 16810092 77784 26479792 69155 69160
69162 17995 2 1 1073741856 4 5126 0 16809984 16777216 16810068 1627389960 16809984 1627389952 16810020 1627389956 16810092 77784 26479792 69155 69162
69164 4160745330 4 1 1073741856 4 5126 0 16810020 16777216 16810068 1627389960 16809984 1627389952 16810020 1627389956 16810092 77784 26479792 69155 69164
68884 3801073152 4 0 1073741824 4 5126 0 16810020 16777216 16810068 1627389960 16809984 1627389952 16810020 1627389956 16810092 77784 26479792 69169 68884
68888 3800877570 4 0 1073741824 4 5126 0 16810020 16777216 16810068 1627389960 16809984 1627389952 16810020 1627389956 16810092 68892 26479792 69169 68888
68892 3854365376 4 0 1073741824 4 5126 0 16810020 16777216 16810068 1627389960 16809984 1627389952 16810020 1627389956 16810092 77084 26479792 69169 68892
25174028 4009756675 4 0 1073741824 4 5126 0 16810020 16777216 16810068 1627389960 16809984 1627389952 16810020 1627389956 16810092 77788 26479792 69169 25174028
69168 45365 2 1 1073741856 0 0 0 16810020 16777216 16810068 1627389960 16809984 1627389952 16810020 1627389956 16810092 77788 26479792 69169 69168
69170 8194 2 1 1073741856 0 0 0 16810020 16777216 16810068 1627389960 16809984 1627389952 16810020 1627389956 16810092 77788 26479792 69169 69170
69172 4064362764 4 1 32 2 0 0 16810020 16777216 16810068 1627389960 16809984 1627389952 16810020 1627389956 16810092 77788 26479792 69169 69172
69176 8704 2 1 32 2 5132 0 16810020 16777216 16810068 1627389960 16809984 1627389952 16810020 1627389956 16810092 77788 26479792 69169 69176
69178 17963 2 1 1073741856 2 5132 0 16810020 16777216 16810068 1627389960 16809984 1627389952 16810020 1627389956 16810092 77788 26479792 69169 69178
69180 4160745328 4 1 1073741856 2 5132 0 16810068 16777216 16810068 1627389960 16809984 1627389952 16810020 1627389956 16810092 77788 26479792 69169 69180
68896 3801073152 4 0 1073741824 2 5132 0 16810068 16777216 16810068 1627389960 16809984 1627389952 16810020 1627389956 16810092 77788 26479792 69185 68896
68900 3800877570 4 0 1073741824 2 5132 0 16810068 16777216 16810068 1627389960 16809984 1627389952 16810020 1627389956 16810092 68904 26479792 69185 68900
68904 3854365368 4 0 1073741824 2 5132 0 16810068 16777216 16810068 1627389960 16809984 1627389952 16810020 1627389956 16810092 77096 26479792 69185 68904
25174032 4009756676 4 0 1073741824 2 5132 0 16810068 16777216 16810068 1627389960 16809984 1627389952 16810020 1627389956 16810092 77792 26479792 69185 25174032
69184 8196 2 1 1073741856 0 0 0 16810068 16777216 16810068 1627389960 16809984 1627389952 16810020 1627389956 16810092 77792 26479792 69185 69184
69186 39180 2 1 32 4 0 0 16810068 16777216 16810068 1627389960 16809984 1627389952 16810020 1627389956 16810092 77792 26479792 69185 69186
69188 4064363011 4 1 32 4 3 0 16810068 16777216 16810068 1627389960 16809984 1627389952 16810020 1627389956 16810092 77792 26479792 69185 69188
69192 18011 2 1 32 4 3 5123 16810068 16777216 16810068 1627389960 16809984 1627389952 16810020 1627389956 16810092 77792 26479792 69185 69192
69194 4160745328 4 1 32 4 3 5123 16810092 16777216 16810068 1627389960 16809984 1627389952 16810020 1627389956 16810092 77792 26479792 69185 69194
68908 3801073152 4 0 0 4 3 5123 16810092 16777216 16810068 1627389960 16809984 1627389952 16810020 1627389956 16810092 77792 26479792 69199 68908
68912 3800877570 4 0 0 4 3 5123 16810092 16777216 16810068 1627389960 16809984 1627389952 16810020 1627389956 16810092 68916 26479792 69199 68912
68916 3854365360 4 0 0 4 3 5123 16810092 16777216 16810068 1627389960 16809984 1627389952 16810020 1627389956 16810092 77108 26479792 69199 68916
25174036 4009756677 4 0 0 4 3 5123 16810092 16777216 16810068 1627389960 16809984 1627389952 16810020 1627389956 16810092 77796 26479792 69199 25174036
69198 26659 2 1 32 0 0 5123 16810092 16777216 16810068 1627389960 16809984 1627389952 16810020 1627389956 16810092 77796 26479792 69199 69198
69200 17952 2 1 32 0 0 5123 16777472 16777216 16810068 1627389960 16809984 1627389952 16810020 1627389956 16810092 77796 26479792 69199 69200
69202 39179 2 1 32 16777216 0 5123 16777472 16777216 16810068 1627389960 16809984 1627389952 16810020 1627389956 16810092 77796 26479792 69199 69202
69204 18010 2 1 32 16777216 1627389964 5123 16777472 16777216 16810068 1627389960 16809984 1627389952 16810020 1627389956 16810092 77796 26479792 69199 69204
69206 4174627592 4 1 32 16777216 1627389964 16810092 16777472 16777216 16810068 1627389960 16809984 1627389952 16810020 1627389956 16810092 77796 26479792 69199 69206
69210 8960 2 1 32 16777216 1627389964 16810092 16777472 16777216 16810068 1627389960 16809984 1627389952 16810020 1627389956 16810092 25166600 26479792 69199 69210
69212 18400 2 1 1073741856 16777216 1627389964 16810092 0 16777216 16810068 1627389960 16809984 1627389952 16810020 1627389956 16810092 25166600 26479792 69199 69212
25166600 4009754818 4 0 1073741824 16777216 1627389964 16810092 0 16777216 16810068 1627389960 16809984 1627389952 16810020 1627389956 16810092 25166600 26479792 69215 25166600
69214 45373 2 1 1073741856 0 0 16810092 0 16777216 16810068 1627389960 16809984 1627389952 16810020 1627389956 16810092 25166600 26479792 69215 69214
69216 26659 2 1 1073741856 0 0 16810092 0 16777216 16810068 1627389960 16809984 1627389952 16810020 1627389956 16810092 25166600 26479792 69215 69216
69218 17952 2 1 1073741856 0 0 16810092 16777472 16777216 16810068 1627389960 16809984 1627389952 16810020 1627389956 16810092 25166600 26479792 69215 69218
69220 17969 2 1 1073741856 16777216 0 16810092 16777472 16777216 16810068 1627389960 16809984 1627389952 16810020 1627389956 16810092 25166600 26479792 69215 69220
69222 17962 2 1 1073741856 16777216 1627389960 16810092 16777472 16777216 16810068 1627389960 16809984 1627389952 16810020 1627389956 16810092 25166600 26479792 69215 69222
69224 4174627596 4 1 1073741856 16777216 1627389960 16810068 16777472 16777216 16810068 1627389960 16809984 1627389952 16810020 1627389956 16810092 25166600 26479792 69215 69224
69228 8960 2 1 1073741856 16777216 1627389960 16810068 16777472 16777216 16810068 1627389960 16809984 1627389952 16810020 1627389956 16810092 25166604 26479792 69215 69228
69230 18400 2 1 1073741856 16777216 1627389960 16810068 0 16777216 16810068 1627389960 16809984 1627389952 16810020 1627389956 16810092 25166604 26479792 69215 69230
25166604 4009754819 4 0 1073741824 16777216 1627389960 16810068 0 16777216 16810068 1627389960 16809984 1627389952 16810020 1627389956 16810092 25166604 26479792 69233 25166604
69232 26659 2 1 1073741856 0 0 16810068 0 16777216 16810068 1627389960 16809984 1627389952 16810020 1627389956 16810092 25166604 26479792 69233 69232
69234 17952 2 1 1073741856 0 0 16810068 16777472 16777216 16810068 1627389960 16809984 1627389952 16810020 1627389956 16810092 25166604 26479792 69233 69234
69236 18001 2 1 1073741856 16777216 0 16810068 16777472 16777216 16810068 1627389960 16809984 1627389952 16810020 1627389956 16810092 25166604 26479792 69233 69236
69238 17994 2 1 1073741856 16777216 1627389956 16810068 16777472 16777216 16810068 1627389960 16809984 1627389952 16810020 1627389956 16810092 25166604 26479792 69233 69238
69240 4174598932 4 1 1073741856 16777216 1627389956 16810020 16777472 16777216 16810068 1627389960 16809984 1627389952 16810020 1627389956 16810092 25166604 26479792 69233 69240
69244 8960 2 1 1073741856 16777216 1627389956 16810020 16777472 16777216 25166612 1627389960 16809984 1627389952 16810020 1627389956 16810092 25166604 26479792 69233 69244
69246 18344 2 1 1073741856 16777216 1627389956 16810020 0 16777216 25166612 1627389960 16809984 1627389952 16810020 1627389956 16810092 25166604 26479792 69233 69246
25166612 4009754821 4 0 1073741824 16777216 1627389956 16810020 0 16777216 25166612 1627389960 16809984 1627389952 16810020 1627389956 16810092 25166604 26479792 69249 25166612
69248 26659 2 1 1073741856 0 0 16810020 0 16777216 25166612 1627389960 16809984 1627389952 16810020 1627389956 16810092 25166604 26479792 69249 69248
69250 17952 2 1 1073741856 0 0 16810020 16777472 16777216 25166612 1627389960 16809984 1627389952 16810020 1627389956 16810092 25166604 26479792 69249 69250
69252 17985 2 1 1073741856 16777216 0 16810020 16777472 16777216 25166612 1627389960 16809984 1627389952 16810020 1627389956 16810092 25166604 26479792 69249 69252
69254 17978 2 1 1073741856 16777216 1627389952 16810020 16777472 16777216 25166612 1627389960 16809984 1627389952 16810020 1627389956 16810092 25166604 26479792 69249 69254
69256 4174598932 4 1 1073741856 16777216 1627389952 16809984 16777472 16777216 25166612 1627389960 16809984 1627389952 16810020 1627389956 16810092 25166604 26479792 69249 69256
69260 8960 2 1 1073741856 16777216 1627389952 16809984 16777472 16777216 25166612 1627389960 16809984 1627389952 16810020 1627389956 16810092 25166604 26479792 69249 69260
69262 18344 2 1 1073741856 16777216 1627389952 16809984 0 16777216 25166612 1627389960 16809984 1627389952 16810020 1627389956 16810092 25166604 26479792 69249 69262
25166612 4009754821 4 0 1073741824 16777216 1627389952 16809984 0 16777216 25166612 1627389960 16809984 1627389952 16810020 1627389956 16810092 25166604 26479792 69265 25166612
69264 3904737272 4 1 1073741856 0 0 16809984 0 16777216 25166612 1627389960 16809984 1627389952 16810020 1627389956 16810092 25166604 26479792 69265 69264
25227264 4009769984 4 0 1073741824 0 0 16809984 1627389956 0 0 0 0 0 0 0 0 25166604 26479832 69265 25227264
