69268 32 16777216 1610616832 1627389952 1627389956 0 0 0 0 0 0 0 0 0 26479832 25227264 69268
69272 32 16777216 1610616832 1627389952 1627389956 0 0 0 0 0 0 0 0 0 26479800 25227264 69272
69294 1073741856 16809984 0 0 25166580 16777216 0 0 1627389956 1627389952 5126 0 0 0 26479800 69295 69294
69310 1073741856 16810020 0 0 25166580 16777216 16809984 0 1627389956 1627389952 5126 0 0 0 26479800 69311 69310
68872 0 2 5126 0 16809984 16777216 16809984 16810020 1627389956 1627389952 5126 0 0 0 26479800 69325 68872
69324 32 0 0 0 16809984 16777216 16809984 16810020 1627389956 1627389952 5126 0 0 77784 26479800 69325 69324
68884 1073741824 4 5126 0 16810020 16777216 16809984 16810020 1627389956 1627389952 5126 0 0 77784 26479800 69337 68884
69336 1073741856 0 0 0 16810020 16777216 16809984 16810020 1627389956 1627389952 5126 0 0 77788 26479800 69337 69336
68920 1073741824 1 0 3 16810020 16777216 16809984 16810020 1627389956 1627389952 5126 0 0 77788 26479800 69347 68920
69346 1073741856 0 0 3 16810020 16777216 16809984 16810020 1627389956 1627389952 5126 0 0 77800 26479800 69347 69346
69362 1073741856 0 0 16810020 0 16777216 16809984 16810020 1627389956 1627389952 5126 0 0 25166612 26479800 69363 69362
69378 1073741856 0 0 16809984 0 16777216 16809984 25166612 1627389956 1627389952 5126 0 0 25166612 26479800 69379 69378
69060 32 16777216 1610616832 1627389952 1627389956 0 0 0 0 0 0 0 0 25166612 26479832 25227264 69060
69064 32 16777216 1610616832 1627389952 1627389956 0 0 0 0 0 0 0 0 25166612 26479792 25227264 69064
69084 1073741856 16809984 0 0 25166580 16777216 0 1627389960 0 1627389952 0 1627389956 0 25166612 26479792 69085 69084
69100 1073741856 16810020 0 0 25166580 16777216 0 1627389960 16809984 1627389952 0 1627389956 0 25166612 26479792 69101 69100
69104 1073741856 16810020 0 0 25166580 16777216 0 1627389960 16809984 1627389952 16810020 1627389956 0 25166612 26479792 69101 69104
69118 1073741856 16810068 0 0 25166572 16777216 0 1627389960 16809984 1627389952 16810020 1627389956 0 25166612 26479792 69119 69118
69124 1073741856 16810068 0 0 25166572 16777216 16810068 1627389960 16809984 1627389952 16810020 1627389956 0 25166612 26479792 69119 69124
69138 1073741856 16810092 0 0 25166568 16777216 16810068 1627389960 16809984 1627389952 16810020 1627389956 0 25166612 26479792 69139 69138
68872 0 3 5126 0 16809984 16777216 16810068 1627389960 16809984 1627389952 16810020 1627389956 16810092 25166612 26479792 69155 68872
69154 32 0 0 0 16809984 16777216 16810068 1627389960 16809984 1627389952 16810020 1627389956 16810092 77784 26479792 69155 69154
68884 1073741824 4 5126 0 16810020 16777216 16810068 1627389960 16809984 1627389952 16810020 1627389956 16810092 77784 26479792 69169 68884
69168 1073741856 0 0 0 16810020 16777216 16810068 1627389960 16809984 1627389952 16810020 1627389956 16810092 77788 26479792 69169 69168
69170 1073741856 0 0 0 16810020 16777216 16810068 1627389960 16809984 1627389952 16810020 1627389956 16810092 77788 26479792 69169 69170
68896 1073741824 2 5132 0 16810068 16777216 16810068 1627389960 16809984 1627389952 16810020 1627389956 16810092 77788 26479792 69185 68896
69184 1073741856 0 0 0 16810068 16777216 16810068 1627389960 16809984 1627389952 16810020 1627389956 16810092 77792 26479792 69185 69184
68908 0 4 3 5123 16810092 16777216 16810068 1627389960 16809984 1627389952 16810020 1627389956 16810092 77792 26479792 69199 68908
69198 32 0 0 5123 16810092 16777216 16810068 1627389960 16809984 1627389952 16810020 1627389956 16810092 77796 26479792 69199 69198
69214 1073741856 0 0 16810092 0 16777216 16810068 1627389960 16809984 1627389952 16810020 1627389956 16810092 25166600 26479792 69215 69214
69216 1073741856 0 0 16810092 0 16777216 16810068 1627389960 16809984 1627389952 16810020 1627389956 16810092 25166600 26479792 69215 69216
69232 1073741856 0 0 16810068 0 16777216 16810068 1627389960 16809984 1627389952 16810020 1627389956 16810092 25166604 26479792 69233 69232
69248 1073741856 0 0 16810020 0 16777216 25166612 1627389960 16809984 1627389952 16810020 1627389956 16810092 25166604 26479792 69249 69248
69264 1073741856 0 0 16809984 0 16777216 25166612 1627389960 16809984 1627389952 16810020 1627389956 16810092 25166604 26479792 69265 69264
