pthread_once 25174536 977668 691781 4294965576 0
memset 25174032 974925 0 256 16810248
memset 25174032 975181 0 256 16810248
pthread_once 25174536 977680 699485 28 941848
strcmp 25174076 921392 905536 0 977660
pthread_once 25174536 977680 699485 940456 974132
pthread_once 25174536 977680 699485 28 940856
pthread_once 25174536 977680 699485 28 943568
wctob 25174668 0 0 28 0
wctob 25174668 1 0 1 975864
wctob 25174668 2 0 2 975865
wctob 25174668 3 0 3 975866
wctob 25174668 4 0 4 975867
wctob 25174668 5 0 5 975868
wctob 25174668 6 0 6 975869
wctob 25174668 7 0 7 975870
wctob 25174668 8 0 8 975871
wctob 25174668 9 0 9 975872
wctob 25174668 10 0 10 975873
wctob 25174668 11 0 11 975874
wctob 25174668 12 0 12 975875
wctob 25174668 13 0 13 975876
wctob 25174668 14 0 14 975877
wctob 25174668 15 0 15 975878
wctob 25174668 16 0 16 975879
wctob 25174668 17 0 17 975880
wctob 25174668 18 0 18 975881
wctob 25174668 19 0 19 975882
wctob 25174668 20 0 20 975883
wctob 25174668 21 0 21 975884
wctob 25174668 22 0 22 975885
wctob 25174668 23 0 23 975886
wctob 25174668 24 0 24 975887
wctob 25174668 25 0 25 975888
wctob 25174668 26 0 26 975889
wctob 25174668 27 0 27 975890
wctob 25174668 28 0 28 975891
wctob 25174668 29 0 29 975892
wctob 25174668 30 0 30 975893
wctob 25174668 31 0 31 975894
wctob 25174668 32 0 32 975895
wctob 25174668 33 0 33 975896
wctob 25174668 34 0 34 975897
wctob 25174668 35 0 35 975898
wctob 25174668 36 0 36 975899
wctob 25174668 37 0 37 975900
wctob 25174668 38 0 38 975901
wctob 25174668 39 0 39 975902
wctob 25174668 40 0 40 975903
wctob 25174668 41 0 41 975904
wctob 25174668 42 0 42 975905
wctob 25174668 43 0 43 975906
wctob 25174668 44 0 44 975907
wctob 25174668 45 0 45 975908
wctob 25174668 46 0 46 975909
wctob 25174668 47 0 47 975910
wctob 25174668 48 0 48 975911
wctob 25174668 49 0 49 975912
wctob 25174668 50 0 50 975913
wctob 25174668 51 0 51 975914
wctob 25174668 52 0 52 975915
wctob 25174668 53 0 53 975916
wctob 25174668 54 0 54 975917
wctob 25174668 55 0 55 975918
wctob 25174668 56 0 56 975919
wctob 25174668 57 0 57 975920
wctob 25174668 58 0 58 975921
wctob 25174668 59 0 59 975922
wctob 25174668 60 0 60 975923
wctob 25174668 61 0 61 975924
wctob 25174668 62 0 62 975925
wctob 25174668 63 0 63 975926
wctob 25174668 64 0 64 975927
wctob 25174668 65 0 65 975928
wctob 25174668 66 0 66 975929
wctob 25174668 67 0 67 975930
wctob 25174668 68 0 68 975931
wctob 25174668 69 0 69 975932
wctob 25174668 70 0 70 975933
wctob 25174668 71 0 71 975934
wctob 25174668 72 0 72 975935
wctob 25174668 73 0 73 975936
wctob 25174668 74 0 74 975937
wctob 25174668 75 0 75 975938
wctob 25174668 76 0 76 975939
wctob 25174668 77 0 77 975940
wctob 25174668 78 0 78 975941
wctob 25174668 79 0 79 975942
wctob 25174668 80 0 80 975943
wctob 25174668 81 0 81 975944
wctob 25174668 82 0 82 975945
wctob 25174668 83 0 83 975946
wctob 25174668 84 0 84 975947
wctob 25174668 85 0 85 975948
wctob 25174668 86 0 86 975949
wctob 25174668 87 0 87 975950
wctob 25174668 88 0 88 975951
wctob 25174668 89 0 89 975952
wctob 25174668 90 0 90 975953
wctob 25174668 91 0 91 975954
wctob 25174668 92 0 92 975955
wctob 25174668 93 0 93 975956
wctob 25174668 94 0 94 975957
wctob 25174668 95 0 95 975958
wctob 25174668 96 0 96 975959
wctob 25174668 97 0 97 975960
wctob 25174668 98 0 98 975961
wctob 25174668 99 0 99 975962
wctob 25174668 100 0 100 975963
wctob 25174668 101 0 101 975964
wctob 25174668 102 0 102 975965
wctob 25174668 103 0 103 975966
wctob 25174668 104 0 104 975967
wctob 25174668 105 0 105 975968
wctob 25174668 106 0 106 975969
wctob 25174668 107 0 107 975970
wctob 25174668 108 0 108 975971
wctob 25174668 109 0 109 975972
wctob 25174668 110 0 110 975973
wctob 25174668 111 0 111 975974
wctob 25174668 112 0 112 975975
wctob 25174668 113 0 113 975976
wctob 25174668 114 0 114 975977
wctob 25174668 115 0 115 975978
wctob 25174668 116 0 116 975979
wctob 25174668 117 0 117 975980
wctob 25174668 118 0 118 975981
wctob 25174668 119 0 119 975982
wctob 25174668 120 0 120 975983
wctob 25174668 121 0 121 975984
wctob 25174668 122 0 122 975985
wctob 25174668 123 0 123 975986
wctob 25174668 124 0 124 975987
wctob 25174668 125 0 125 975988
wctob 25174668 126 0 126 975989
wctob 25174668 127 0 127 975990
btowc 25174672 0 0 128 1
btowc 25174672 1 0 128 1
btowc 25174672 2 0 128 1
btowc 25174672 3 0 128 1
btowc 25174672 4 0 128 1
btowc 25174672 5 0 128 1
btowc 25174672 6 0 128 1
btowc 25174672 7 0 128 1
btowc 25174672 8 0 128 1
btowc 25174672 9 0 128 1
btowc 25174672 10 0 128 1
btowc 25174672 11 0 128 1
btowc 25174672 12 0 128 1
btowc 25174672 13 0 128 1
btowc 25174672 14 0 128 1
btowc 25174672 15 0 128 1
btowc 25174672 16 0 128 1
btowc 25174672 17 0 128 1
btowc 25174672 18 0 128 1
btowc 25174672 19 0 128 1
btowc 25174672 20 0 128 1
btowc 25174672 21 0 128 1
btowc 25174672 22 0 128 1
btowc 25174672 23 0 128 1
btowc 25174672 24 0 128 1
btowc 25174672 25 0 128 1
btowc 25174672 26 0 128 1
btowc 25174672 27 0 128 1
btowc 25174672 28 0 128 1
btowc 25174672 29 0 128 1
btowc 25174672 30 0 128 1
btowc 25174672 31 0 128 1
btowc 25174672 32 0 128 1
btowc 25174672 33 0 128 1
btowc 25174672 34 0 128 1
btowc 25174672 35 0 128 1
btowc 25174672 36 0 128 1
btowc 25174672 37 0 128 1
btowc 25174672 38 0 128 1
btowc 25174672 39 0 128 1
btowc 25174672 40 0 128 1
btowc 25174672 41 0 128 1
btowc 25174672 42 0 128 1
btowc 25174672 43 0 128 1
btowc 25174672 44 0 128 1
btowc 25174672 45 0 128 1
btowc 25174672 46 0 128 1
btowc 25174672 47 0 128 1
btowc 25174672 48 0 128 1
btowc 25174672 49 0 128 1
btowc 25174672 50 0 128 1
btowc 25174672 51 0 128 1
btowc 25174672 52 0 128 1
btowc 25174672 53 0 128 1
btowc 25174672 54 0 128 1
btowc 25174672 55 0 128 1
btowc 25174672 56 0 128 1
btowc 25174672 57 0 128 1
btowc 25174672 58 0 128 1
btowc 25174672 59 0 128 1
btowc 25174672 60 0 128 1
btowc 25174672 61 0 128 1
btowc 25174672 62 0 128 1
btowc 25174672 63 0 128 1
btowc 25174672 64 0 128 1
btowc 25174672 65 0 128 1
btowc 25174672 66 0 128 1
btowc 25174672 67 0 128 1
btowc 25174672 68 0 128 1
btowc 25174672 69 0 128 1
btowc 25174672 70 0 128 1
btowc 25174672 71 0 128 1
btowc 25174672 72 0 128 1
btowc 25174672 73 0 128 1
btowc 25174672 74 0 128 1
btowc 25174672 75 0 128 1
btowc 25174672 76 0 128 1
btowc 25174672 77 0 128 1
btowc 25174672 78 0 128 1
btowc 25174672 79 0 128 1
btowc 25174672 80 0 128 1
btowc 25174672 81 0 128 1
btowc 25174672 82 0 128 1
btowc 25174672 83 0 128 1
btowc 25174672 84 0 128 1
btowc 25174672 85 0 128 1
btowc 25174672 86 0 128 1
btowc 25174672 87 0 128 1
btowc 25174672 88 0 128 1
btowc 25174672 89 0 128 1
btowc 25174672 90 0 128 1
btowc 25174672 91 0 128 1
btowc 25174672 92 0 128 1
btowc 25174672 93 0 128 1
btowc 25174672 94 0 128 1
btowc 25174672 95 0 128 1
btowc 25174672 96 0 128 1
btowc 25174672 97 0 128 1
btowc 25174672 98 0 128 1
btowc 25174672 99 0 128 1
btowc 25174672 100 0 128 1
btowc 25174672 101 0 128 1
btowc 25174672 102 0 128 1
btowc 25174672 103 0 128 1
btowc 25174672 104 0 128 1
btowc 25174672 105 0 128 1
btowc 25174672 106 0 128 1
btowc 25174672 107 0 128 1
btowc 25174672 108 0 128 1
btowc 25174672 109 0 128 1
btowc 25174672 110 0 128 1
btowc 25174672 111 0 128 1
btowc 25174672 112 0 128 1
btowc 25174672 113 0 128 1
btowc 25174672 114 0 128 1
btowc 25174672 115 0 128 1
btowc 25174672 116 0 128 1
btowc 25174672 117 0 128 1
btowc 25174672 118 0 128 1
btowc 25174672 119 0 128 1
btowc 25174672 120 0 128 1
btowc 25174672 121 0 128 1
btowc 25174672 122 0 128 1
btowc 25174672 123 0 128 1
btowc 25174672 124 0 128 1
btowc 25174672 125 0 128 1
btowc 25174672 126 0 128 1
btowc 25174672 127 0 128 1
btowc 25174672 128 0 128 1
btowc 25174672 129 0 128 1
btowc 25174672 130 0 128 1
btowc 25174672 131 0 128 1
btowc 25174672 132 0 128 1
btowc 25174672 133 0 128 1
btowc 25174672 134 0 128 1
btowc 25174672 135 0 128 1
btowc 25174672 136 0 128 1
btowc 25174672 137 0 128 1
btowc 25174672 138 0 128 1
btowc 25174672 139 0 128 1
btowc 25174672 140 0 128 1
btowc 25174672 141 0 128 1
btowc 25174672 142 0 128 1
btowc 25174672 143 0 128 1
btowc 25174672 144 0 128 1
btowc 25174672 145 0 128 1
btowc 25174672 146 0 128 1
btowc 25174672 147 0 128 1
btowc 25174672 148 0 128 1
btowc 25174672 149 0 128 1
btowc 25174672 150 0 128 1
btowc 25174672 151 0 128 1
btowc 25174672 152 0 128 1
btowc 25174672 153 0 128 1
btowc 25174672 154 0 128 1
btowc 25174672 155 0 128 1
btowc 25174672 156 0 128 1
btowc 25174672 157 0 128 1
btowc 25174672 158 0 128 1
btowc 25174672 159 0 128 1
btowc 25174672 160 0 128 1
btowc 25174672 161 0 128 1
btowc 25174672 162 0 128 1
btowc 25174672 163 0 128 1
btowc 25174672 164 0 128 1
btowc 25174672 165 0 128 1
btowc 25174672 166 0 128 1
btowc 25174672 167 0 128 1
btowc 25174672 168 0 128 1
btowc 25174672 169 0 128 1
btowc 25174672 170 0 128 1
btowc 25174672 171 0 128 1
btowc 25174672 172 0 128 1
btowc 25174672 173 0 128 1
btowc 25174672 174 0 128 1
btowc 25174672 175 0 128 1
btowc 25174672 176 0 128 1
btowc 25174672 177 0 128 1
btowc 25174672 178 0 128 1
btowc 25174672 179 0 128 1
btowc 25174672 180 0 128 1
btowc 25174672 181 0 128 1
btowc 25174672 182 0 128 1
btowc 25174672 183 0 128 1
btowc 25174672 184 0 128 1
btowc 25174672 185 0 128 1
btowc 25174672 186 0 128 1
btowc 25174672 187 0 128 1
btowc 25174672 188 0 128 1
btowc 25174672 189 0 128 1
btowc 25174672 190 0 128 1
btowc 25174672 191 0 128 1
btowc 25174672 192 0 128 1
btowc 25174672 193 0 128 1
btowc 25174672 194 0 128 1
btowc 25174672 195 0 128 1
btowc 25174672 196 0 128 1
btowc 25174672 197 0 128 1
btowc 25174672 198 0 128 1
btowc 25174672 199 0 128 1
btowc 25174672 200 0 128 1
btowc 25174672 201 0 128 1
btowc 25174672 202 0 128 1
btowc 25174672 203 0 128 1
btowc 25174672 204 0 128 1
btowc 25174672 205 0 128 1
btowc 25174672 206 0 128 1
btowc 25174672 207 0 128 1
btowc 25174672 208 0 128 1
btowc 25174672 209 0 128 1
btowc 25174672 210 0 128 1
btowc 25174672 211 0 128 1
btowc 25174672 212 0 128 1
btowc 25174672 213 0 128 1
btowc 25174672 214 0 128 1
btowc 25174672 215 0 128 1
btowc 25174672 216 0 128 1
btowc 25174672 217 0 128 1
btowc 25174672 218 0 128 1
btowc 25174672 219 0 128 1
btowc 25174672 220 0 128 1
btowc 25174672 221 0 128 1
btowc 25174672 222 0 128 1
btowc 25174672 223 0 128 1
btowc 25174672 224 0 128 1
btowc 25174672 225 0 128 1
btowc 25174672 226 0 128 1
btowc 25174672 227 0 128 1
btowc 25174672 228 0 128 1
btowc 25174672 229 0 128 1
btowc 25174672 230 0 128 1
btowc 25174672 231 0 128 1
btowc 25174672 232 0 128 1
btowc 25174672 233 0 128 1
btowc 25174672 234 0 128 1
btowc 25174672 235 0 128 1
btowc 25174672 236 0 128 1
btowc 25174672 237 0 128 1
btowc 25174672 238 0 128 1
btowc 25174672 239 0 128 1
btowc 25174672 240 0 128 1
btowc 25174672 241 0 128 1
btowc 25174672 242 0 128 1
btowc 25174672 243 0 128 1
btowc 25174672 244 0 128 1
btowc 25174672 245 0 128 1
btowc 25174672 246 0 128 1
btowc 25174672 247 0 128 1
btowc 25174672 248 0 128 1
btowc 25174672 249 0 128 1
btowc 25174672 250 0 128 1
btowc 25174672 251 0 128 1
btowc 25174672 252 0 128 1
btowc 25174672 253 0 128 1
btowc 25174672 254 0 128 1
btowc 25174672 255 0 128 1
wctype 25174652 907076 1 128 975864
wctype 25174652 907084 2 128 975865
wctype 25174652 907100 4 128 975866
wctype 25174652 907052 8 128 975867
wctype 25174652 907108 16 128 975868
wctype 25174652 907068 32 128 975869
pthread_once 25174536 977680 699485 28 941912
pthread_once 25174536 977680 699485 944224 975812
pthread_once 25174536 977680 699485 28 944688
pthread_once 25174536 977668 691781 16810336 0
pthread_once 25174536 977668 691781 4294966704 0
pthread_once 25174536 977668 691781 0 0
pthread_once 25174536 977668 691781 0 0
strcmp 25174076 921168 921372 6 78
strcmp 25174076 921168 921372 6 78
pthread_once 25174536 977668 691781 0 0
pthread_once 25174536 977668 691781 0 0
strcmp 25174076 921168 921372 6 78
strcmp 25174076 921168 921372 6 78
pthread_once 25174536 977668 691781 0 0
pthread_once 25174536 977668 691781 0 0
strcmp 25174076 921168 921372 6 78
strcmp 25174076 921168 921372 6 78
pthread_once 25174536 977668 691781 0 0
pthread_once 25174536 977668 691781 0 0
strcmp 25174076 921168 921372 6 78
strcmp 25174076 921168 921372 6 78
pthread_once 25174536 977668 691781 4294966732 0
pthread_once 25174536 977668 691781 4294966740 0
pthread_once 25174536 977668 691781 4294966744 0
pthread_once 25174536 977668 691781 0 0
pthread_once 25174536 977668 691781 0 0
pthread_once 25174536 977668 691781 0 0
pthread_once 25174536 977668 691781 0 0
pthread_once 25174536 977668 691781 0 0
pthread_once 25174536 977668 691781 0 0
pthread_once 25174536 977668 691781 0 0
pthread_once 25174536 977668 691781 0 0
__cxa_atexit 25174016 604281 950488 950272 950488
strlen 25174096 894240 4294967295 26479812 950488
malloc 25174348 14 0 30 1073741820
__cxa_atexit 25174016 788333 950492 950272 950492
__cxa_atexit 25174016 604281 950496 950272 950496
strlen 25174096 894240 4294967295 26479812 950496
malloc 25174348 14 0 30 1073741820
__cxa_atexit 25174016 788333 950500 950272 950500
__cxa_atexit 25174016 604281 950504 950272 950504
strlen 25174096 894240 4294967295 26479812 950504
malloc 25174348 14 0 30 1073741820
__cxa_atexit 25174016 788333 950508 950272 950508
__cxa_atexit 25174016 604281 950512 950272 950512
strlen 25174096 894240 4294967295 26479812 950512
malloc 25174348 14 0 30 1073741820
__cxa_atexit 25174016 788333 950516 950272 950516
__cxa_atexit 25174016 604281 950520 950272 950520
strlen 25174096 894240 4294967295 26479812 950520
malloc 25174348 14 0 30 1073741820
__cxa_atexit 25174016 788333 950524 950272 950524
__cxa_atexit 25174016 604281 950528 950272 950528
strlen 25174096 894240 4294967295 26479812 950528
malloc 25174348 14 0 30 1073741820
__cxa_atexit 25174016 788333 950532 950272 950532
__cxa_atexit 25174016 604281 950536 950272 950536
strlen 25174096 894240 4294967295 26479812 950536
malloc 25174348 14 0 30 1073741820
__cxa_atexit 25174016 788333 950540 950272 950540
__cxa_atexit 25174016 604281 950544 950272 950544
strlen 25174096 894240 4294967295 26479812 950544
malloc 25174348 14 0 30 1073741820
__cxa_atexit 25174016 788333 950548 950272 950548
__cxa_atexit 25174016 604281 950552 950272 950552
strlen 25174096 894240 4294967295 26479812 950552
malloc 25174348 14 0 30 1073741820
__cxa_atexit 25174016 788333 950556 950272 950556
__cxa_atexit 25174016 604281 950560 950272 950560
strlen 25174096 894240 4294967295 26479812 950560
malloc 25174348 14 0 30 1073741820
__cxa_atexit 25174016 788333 950564 950272 950564
__cxa_atexit 25174016 604281 950568 950272 950568
strlen 25174096 894240 4294967295 26479812 950568
malloc 25174348 14 0 30 1073741820
__cxa_atexit 25174016 788333 950572 950272 950572
__cxa_atexit 25174016 604281 950576 950272 950576
strlen 25174096 894240 4294967295 26479812 950576
malloc 25174348 14 0 30 1073741820
__cxa_atexit 25174016 788333 950580 950272 950580
__cxa_atexit 25174016 604281 950584 950272 950584
strlen 25174096 894240 4294967295 26479812 950584
malloc 25174348 14 0 30 1073741820
__cxa_atexit 25174016 788333 950588 950272 950588
__cxa_atexit 25174016 604281 950592 950272 950592
strlen 25174096 894240 4294967295 26479812 950592
malloc 25174348 14 0 30 1073741820
__cxa_atexit 25174016 788333 950596 950272 950596
__cxa_atexit 25174016 604281 950600 950272 950600
strlen 25174096 894240 4294967295 26479812 950600
malloc 25174348 14 0 30 1073741820
__cxa_atexit 25174016 788333 950604 950272 950604
__cxa_atexit 25174016 604281 950608 950272 950608
strlen 25174096 894240 4294967295 26479812 950608
malloc 25174348 14 0 30 1073741820
__cxa_atexit 25174016 788333 950612 950272 950612
__cxa_atexit 25174016 604281 950616 950272 950616
strlen 25174096 894240 4294967295 26479812 950616
malloc 25174348 14 0 30 1073741820
__cxa_atexit 25174016 788333 950620 950272 950620
__cxa_atexit 25174016 604281 950624 950272 950624
strlen 25174096 894240 4294967295 26479812 950624
malloc 25174348 14 0 30 1073741820
__cxa_atexit 25174016 788333 950628 950272 950628
__cxa_atexit 25174016 604281 950632 950272 950632
strlen 25174096 894240 4294967295 26479812 950632
malloc 25174348 14 0 30 1073741820
__cxa_atexit 25174016 788333 950636 950272 950636
__cxa_atexit 25174016 604281 950640 950272 950640
strlen 25174096 894240 4294967295 26479812 950640
malloc 25174348 14 0 30 1073741820
__cxa_atexit 25174016 788333 950644 950272 950644
__cxa_atexit 25174016 604281 950648 950272 950648
strlen 25174096 894240 4294967295 26479812 950648
malloc 25174348 14 0 30 1073741820
__cxa_atexit 25174016 788333 950652 950272 950652
__cxa_atexit 25174016 604281 950656 950272 950656
strlen 25174096 894240 4294967295 26479812 950656
malloc 25174348 14 0 30 1073741820
__cxa_atexit 25174016 788333 950660 950272 950660
__cxa_atexit 25174016 604281 950664 950272 950664
strlen 25174096 894240 4294967295 26479812 950664
malloc 25174348 14 0 30 1073741820
__cxa_atexit 25174016 788333 950668 950272 950668
__cxa_atexit 25174016 604281 950672 950272 950672
strlen 25174096 894240 4294967295 26479812 950672
malloc 25174348 14 0 30 1073741820
__cxa_atexit 25174016 788333 950676 950272 950676
__cxa_atexit 25174016 604281 950680 950272 950680
strlen 25174096 894240 4294967295 26479812 950680
malloc 25174348 14 0 30 1073741820
__cxa_atexit 25174016 788333 950684 950272 950684
__cxa_atexit 25174016 604281 950688 950272 950688
strlen 25174096 894240 4294967295 26479812 950688
malloc 25174348 14 0 30 1073741820
__cxa_atexit 25174016 788333 950692 950272 950692
__cxa_atexit 25174016 604281 950696 950272 950696
strlen 25174096 894240 4294967295 26479812 950696
malloc 25174348 14 0 30 1073741820
__cxa_atexit 25174016 788333 950700 950272 950700
__cxa_atexit 25174016 604281 950704 950272 950704
strlen 25174096 894240 4294967295 26479812 950704
malloc 25174348 14 0 30 1073741820
__cxa_atexit 25174016 788333 950708 950272 950708
__cxa_atexit 25174016 604281 950712 950272 950712
strlen 25174096 894240 4294967295 26479812 950712
malloc 25174348 14 0 30 1073741820
__cxa_atexit 25174016 788333 950716 950272 950716
__cxa_atexit 25174016 604281 950720 950272 950720
strlen 25174096 894240 4294967295 26479812 950720
malloc 25174348 14 0 30 1073741820
__cxa_atexit 25174016 788333 950724 950272 950724
__cxa_atexit 25174016 604281 950728 950272 950728
strlen 25174096 894240 4294967295 26479812 950728
malloc 25174348 14 0 30 1073741820
__cxa_atexit 25174016 788333 950732 950272 950732
__cxa_atexit 25174016 604281 950736 950272 950736
strlen 25174096 894240 4294967295 26479812 950736
malloc 25174348 14 0 30 1073741820
__cxa_atexit 25174016 788333 950740 950272 950740
__cxa_atexit 25174016 604281 950744 950272 950744
__cxa_atexit 25174016 604281 950748 950272 950748
strlen 25174096 894240 4294967295 26479812 950748
malloc 25174348 14 0 30 1073741820
__cxa_atexit 25174016 788333 950752 950272 950752
__cxa_atexit 25174016 604281 950756 950272 950756
strlen 25174096 894240 4294967295 26479812 950756
malloc 25174348 14 0 30 1073741820
__cxa_atexit 25174016 788333 950760 950272 950760
__cxa_atexit 25174016 604281 950764 950272 950764
__cxa_atexit 25174016 604281 950768 950272 950768
strlen 25174096 894240 4294967295 26479812 950768
malloc 25174348 14 0 30 1073741820
__cxa_atexit 25174016 788333 950772 950272 950772
__cxa_atexit 25174016 604281 950776 950272 950776
strlen 25174096 894240 4294967295 26479812 950776
malloc 25174348 14 0 30 1073741820
__cxa_atexit 25174016 788333 950780 950272 950780
__cxa_atexit 25174016 604281 950784 950272 950784
__cxa_atexit 25174016 604281 950788 950272 950788
strlen 25174096 894240 4294967295 26479812 950788
malloc 25174348 14 0 30 1073741820
__cxa_atexit 25174016 788333 950792 950272 950792
__cxa_atexit 25174016 604281 950796 950272 950796
strlen 25174096 894240 4294967295 26479812 950796
malloc 25174348 14 0 30 1073741820
__cxa_atexit 25174016 788333 950800 950272 950800
__cxa_atexit 25174016 604281 950804 950272 950804
strlen 25174096 894240 4294967295 26479812 950804
malloc 25174348 14 0 30 1073741820
__cxa_atexit 25174016 788333 950808 950272 950808
__cxa_atexit 25174016 511345 950280 950272 950280
__cxa_atexit 25174016 511361 950276 950272 950276
__cxa_atexit 25174016 604281 950860 950272 950860
strlen 25174096 894240 4294967295 26479812 950860
malloc 25174348 14 0 30 1073741820
__cxa_atexit 25174016 788333 950864 950272 950864
__cxa_atexit 25174016 604281 950868 950272 950868
strlen 25174096 894240 4294967295 26479812 950868
malloc 25174348 14 0 30 1073741820
__cxa_atexit 25174016 788333 950872 950272 950872
pthread_key_create 25174496 951720 600153 0 0
__cxa_atexit 25174016 600125 951720 950272 951720
__cxa_atexit 25174016 798337 977824 950272 977824
__cxa_atexit 25174016 798321 977820 950272 977820
malloc 25174348 148 0 594875 16810268
memset 25174032 26481640 0 148 16810268
pthread_mutex_init 25174456 26481704 0 148 16810268
pthread_cond_init 25174460 26481708 0 148 16810268
pipe 25174464 26479768 0 148 16810268
pthread_attr_init 25174468 26479776 0 148 101
pthread_attr_setdetachstate 25174472 26479776 1 148 101
pthread_create 25174476 26481720 26479776 595249 26481640
pthread_mutex_lock 25174364 26481704 0 595249 26481640
pthread_cond_wait 25174396 26481708 26481704 595249 0
AConfiguration_new 25174412 26481640 0 0 0
AConfiguration_fromAssetManager 25174416 26481792 1644167168 0 16811868
AConfiguration_getLanguage 25174420 26481792 2018488 0 16811868
AConfiguration_getCountry 25174424 26481792 2018492 0 16811868
ALooper_prepare 25174428 1 0 0 594691
ALooper_addFd 25174432 26481864 100 1 1
pthread_mutex_lock 25174364 26481704 0 1 1
pthread_cond_broadcast 25174436 26481708 0 1 1
pthread_mutex_unlock 25174368 26481704 0 1 1
__android_log_print 25174024 4 893580 893596 2018416
pthread_mutex_unlock 25174368 26481704 0 595249 1
